Webots Project File version R2023b
perspectives: 000000ff00000000fd0000000200000001000003f50000063ffc0200000001fb0000001400540065007800740045006400690074006f007201000000160000063f0000008900ffffff0000000300000b66000001c3fc0100000001fb0000001a0043006f006e0073006f006c00650041006c006c0041006c006c010000000000000b660000006900ffffff0000076f0000063f00000001000000020000000100000008fc00000000
simulationViewPerspectives: 000000ff0000000100000002000001ac000005c10100000002010000000100
sceneTreePerspectives: 000000ff00000001000000030000001c000000c0000000fa0100000002010000000200
maximizedDockId: -1
centralWidgetVisible: 1
orthographicViewHeight: 1
textFiles: 0 "controllers/RobotController/Makefile" "controllers/RobotController/RobotController.cpp"
consoles: Console:All:All
renderingDevicePerspectives: robot:camera;1;0.0296296;0;2.26093e-11
renderingDevicePerspectives: robot:range-finder;1;0.0888889;0;0
