Webots Project File version R2023b
perspectives: 000000ff00000000fd0000000200000001000001c000000729fc0200000001fb0000001400540065007800740045006400690074006f00720100000016000007290000008900ffffff00000003000006c2000000d9fc0100000001fb0000001a0043006f006e0073006f006c00650041006c006c0041006c006c0100000000000006c20000006900ffffff000005000000072900000001000000020000000100000008fc00000000
simulationViewPerspectives: 000000ff000000010000000200000163000005ee0100000002010000000100
sceneTreePerspectives: 000000ff00000001000000030000001c000000c0000000fa0100000002010000000200
maximizedDockId: -1
centralWidgetVisible: 1
orthographicViewHeight: 1
textFiles: 1 "controllers/RobotController/RobotController.cpp" "controllers/RobotController/Rover.cpp" "controllers/RobotController/Rover.h"
consoles: Console:All:All
renderingDevicePerspectives: robot:camera1;1;0.145313;0;0
renderingDevicePerspectives: robot:rangefinder1;1;0.435937;0;0
