Webots Project File version R2023b
perspectives: 000000ff00000000fd0000000200000001000003dc000005cbfc0200000001fb0000001400540065007800740045006400690074006f00720100000016000005cb0000008900ffffff000000030000076100000237fc0100000001fb0000001a0043006f006e0073006f006c00650041006c006c0041006c006c0100000000000007610000006900ffffff00000383000005cb00000001000000020000000100000008fc00000000
simulationViewPerspectives: 000000ff0000000100000002000000fc000004000100000002010000000100
sceneTreePerspectives: 000000ff00000001000000030000001c000000c0000000fa0100000002010000000200
maximizedDockId: -1
centralWidgetVisible: 1
orthographicViewHeight: 1
textFiles: 1 "controllers/RobotController/RobotController.cpp" "controllers/RobotController/Rover.cpp" "controllers/RobotController/Rover.h" "controllers/RobotController/Makefile"
consoles: Console:All:All
renderingDevicePerspectives: robot:camera1;0;0.0364583;0;0
renderingDevicePerspectives: robot:rangefinder1;1;0.109375;0;0
