Webots Project File version R2023b
perspectives: 000000ff00000000fd0000000200000001000002bd00000295fc0200000001fb0000001400540065007800740045006400690074006f00720100000016000002950000008700ffffff00000003000004e90000019efc0100000001fc00000000000004e90000006900fffffffa000000000100000002fb0000001a0043006f006e0073006f006c00650041006c006c0041006c006c0100000000ffffffff0000006900fffffffb0000001a0043006f006e0073006f006c00650041006c006c0041006c006c0100000000ffffffff00000000000000000000022a0000029500000001000000020000000100000008fc00000000
simulationViewPerspectives: 000000ff0000000100000002000001ac000005c10100000002010000000100
sceneTreePerspectives: 000000ff00000001000000030000001e000000c0000000fa0100000002010000000200
maximizedDockId: -1
centralWidgetVisible: 1
orthographicViewHeight: 1
textFiles: 0 "controllers/RobotController/Makefile" "controllers/RobotController/RobotController.cpp" "controllers/RobotController/Rover.cpp" "controllers/RobotController/Rover.h"
consoles: Console:All:All
renderingDevicePerspectives: robot:camera1;1;0.0296296;0;2.26093e-11
renderingDevicePerspectives: robot:rangefinder1;1;0.0888889;0;0
