Webots Project File version R2023b
perspectives: 000000ff00000000fd0000000200000001000003f3000005ebfc0200000001fb0000001400540065007800740045006400690074006f00720100000016000005eb0000008900ffffff000000030000097f000000c2fc0100000001fb0000001a0043006f006e0073006f006c00650041006c006c0041006c006c01000000000000097f0000006900ffffff0000058a000005eb00000001000000020000000100000008fc00000000
simulationViewPerspectives: 000000ff00000001000000020000010b0000047d0100000002010000000100
sceneTreePerspectives: 000000ff00000001000000030000001c000000c0000000fa0100000002010000000200
maximizedDockId: -1
centralWidgetVisible: 1
orthographicViewHeight: 1
textFiles: 1 "controllers/rover_controller/rover.py" "controllers/rover_controller/rover_controller.py"
consoles: Console:All:All
renderingDevicePerspectives: robot:camera;1;0.0463542;0;2.26093e-11
renderingDevicePerspectives: robot:range-finder;1;0.139062;0;0
